4	6	166.1892238219	54.9152994006	-1088.9582747501	-0.1519608092	0.0506536031
3	6	279.439447894	54.9152994006	-1092.0533424522	-0.2532680153	0.0506536031
2	6	395.6841942024	54.9152994006	-1094.1019168774	-0.3545752214	0.0506536031
1	6	515.9956965577	54.9152994006	-1095.0829911746	-0.4558824276	0.0506536031
0	6	641.7228955142	54.9152994006	-1094.9865050398	-0.5571896337	0.0506536031
5	7	55.2474676171	165.8220171718	-1088.9778145166	-0.0506536031	0.1519608092
4	7	166.8151156437	165.8220171718	-1093.0452934741	-0.1519608092	0.1519608092
3	7	280.4754672293	165.8220171718	-1096.0561073166	-0.2532680153	0.1519608092
2	7	397.11971732	165.8220171718	-1097.979382029		-0.3545752214	0.1519608092
1	7	517.8160030647	165.8220171718	-1098.7953956303	-0.4558824276	0.1519608092
5	8	55.4066797113	278.8316221065	-1092.1182802131	-0.0506536031	0.2532680153
4	8	167.2911193058	278.8316221065	-1096.1535556567	-0.1519608092	0.2532680153
3	8	281.2633813392	278.8316221065	-1099.1002926982	-0.2532680153	0.2532680153
2	8	398.2114623106	278.8316221065	-1100.9282743901	-0.3545752214	0.2532680153
1	8	519.2003837732	278.8316221065	-1101.6187559219	-0.4558824276	0.2532680153
5	9	55.5141251006	394.8419821512	-1094.2376453326	-0.0506536031	0.3545752214
4	9	167.6123536882	394.8419821512	-1098.2511880108	-0.1519608092	0.3545752214
3	9	281.7951106567	394.8419821512	-1101.1546823774	-0.2532680153	0.3545752214
2	9	398.9482340114	394.8419821512	-1102.9183549116	-0.3545752214	0.3545752214
5	10	55.5687019995	514.9277346013	-1095.3141771097	-0.0506536031	0.4558824276
4	10	167.7755247328	514.9277346013	-1099.316680627		-0.1519608092	0.4558824276
3	10	282.06520263	514.9277346013	-1102.1982098715	-0.2532680153	0.4558824276
5	11	55.569850756	640.4401349353	-1095.3368363834	-0.0506536031	0.5571896337
