0	0	55.0381214384	54.9152994006	-1084.848451757		-0.0506536031	0.0506536031
1	0	166.1892238219	54.9152994006	-1088.9582747501	-0.1519608092	0.0506536031
2	0	279.439447894	54.9152994006	-1092.0533424522	-0.2532680153	0.0506536031
3	0	395.6841942024	54.9152994006	-1094.1019168774	-0.3545752214	0.0506536031
4	0	515.9956965577	54.9152994006	-1095.0829911746	-0.4558824276	0.0506536031
5	0	641.7228955142	54.9152994006	-1094.9865050398	-0.5571896337	0.0506536031
6	0	774.6388249491	54.9152994006	-1093.8134478779	-0.6584968398	0.0506536031
0	1	55.2474676171	165.8220171718	-1088.9778145166	-0.0506536031	0.1519608092
1	1	166.8151156437	165.8220171718	-1093.0452934741	-0.1519608092	0.1519608092
2	1	280.4754672293	165.8220171718	-1096.0561073166	-0.2532680153	0.1519608092
3	1	397.11971732	165.8220171718	-1097.979382029		-0.3545752214	0.1519608092
4	1	517.8160030647	165.8220171718	-1098.7953956303	-0.4558824276	0.1519608092
5	1	643.9093193046	165.8220171718	-1098.4957804111	-0.5571896337	0.1519608092
6	1	777.1689456127	165.8220171718	-1097.083608738		-0.6584968398	0.1519608092
0	2	55.4066797113	278.8316221065	-1092.1182802131	-0.0506536031	0.2532680153
1	2	167.2911193058	278.8316221065	-1096.1535556567	-0.1519608092	0.2532680153
2	2	281.2633813392	278.8316221065	-1099.1002926982	-0.2532680153	0.2532680153
3	2	398.2114623106	278.8316221065	-1100.9282743901	-0.3545752214	0.2532680153
4	2	519.2003837732	278.8316221065	-1101.6187559219	-0.4558824276	0.2532680153
5	2	645.5721397714	278.8316221065	-1101.164656837		-0.5571896337	0.2532680153
0	3	55.5141251006	394.8419821512	-1094.2376453326	-0.0506536031	0.3545752214
1	3	167.6123536882	394.8419821512	-1098.2511880108	-0.1519608092	0.3545752214
2	3	281.7951106567	394.8419821512	-1101.1546823774	-0.2532680153	0.3545752214
3	3	398.9482340114	394.8419821512	-1102.9183549116	-0.3545752214	0.3545752214
4	3	520.1346427236	394.8419821512	-1103.5241202532	-0.4558824276	0.3545752214
5	3	646.6943057296	394.8419821512	-1102.965766657		-0.5571896337	0.3545752214
0	4	55.5687019995	514.9277346013	-1095.3141771097	-0.0506536031	0.4558824276
1	4	167.7755247328	514.9277346013	-1099.316680627		-0.1519608092	0.4558824276
2	4	282.06520263	514.9277346013	-1102.1982098715	-0.2532680153	0.4558824276
3	4	399.3224772888	514.9277346013	-1103.929216561		-0.3545752214	0.4558824276
4	4	520.6091996741	514.9277346013	-1104.4919503032	-0.4558824276	0.4558824276
0	5	55.569850756	640.4401349353	-1095.3368363834	-0.0506536031	0.5571896337
1	5	167.7789592226	640.4401349353	-1099.339107544		-0.1519608092	0.5571896337
2	5	282.0708876345	640.4401349353	-1102.2201744579	-0.2532680153	0.5571896337
3	5	399.3303545118	640.4401349353	-1103.9504935836	-0.3545752214	0.5571896337
4	5	520.6191883397	640.4401349353	-1104.5123215793	-0.4558824276	0.5571896337
0	6	55.5175595903	773.1544196561	-1094.3053907972	-0.0506536031	0.6584968398
1	6	167.622621939	773.1544196561	-1098.318238788		-0.1519608092	0.6584968398
